10 3 5 1 1 11 7 6 2 12 1 9 
10 3 5 1 1 11 7 6 2 12 1 9 
4 3 5 1 1 11 7 6 2 12 1 9 
4 3 5 1 1 11 7 6 2 12 1 9 
4 3 5 1 1 11 7 6 2 12 1 9 
10 3 5 1 1 11 7 6 2 12 1 9 
10 3 5 1 1 11 7 6 2 12 1 9 
4 3 1 1 1 11 7 6 2 12 1 8 
10 3 5 1 1 11 7 6 2 12 1 8 
10 3 5 1 1 11 7 6 2 12 1 9 
10 3 5 1 1 11 7 6 2 12 1 9 
10 3 5 1 1 11 7 6 2 12 1 9 
4 3 5 1 1 11 7 6 2 12 1 9 
10 3 5 1 1 11 7 6 2 12 1 9 
10 3 5 1 1 11 7 6 2 12 1 9 
4 3 5 1 1 11 7 6 2 12 1 9 
10 3 5 1 1 11 7 6 2 12 1 9 
4 3 5 1 1 11 7 6 2 12 1 9 
10 3 5 1 1 11 7 6 2 12 1 9 
10 3 5 1 1 11 7 6 2 12 1 9 
10 3 5 1 1 11 7 6 2 12 1 9 
4 3 5 1 1 11 7 6 2 12 1 9 
4 3 5 1 1 11 7 6 2 12 1 9 
10 3 5 1 1 11 7 6 2 12 1 9 
10 3 5 1 1 11 7 6 2 12 1 9 
10 3 5 1 1 11 7 6 2 12 1 9 
4 3 5 1 1 11 7 6 2 12 1 9 
4 3 5 1 1 11 7 6 2 12 1 9 
4 3 5 1 1 11 7 6 2 12 1 9 
4 3 5 1 1 11 7 6 2 12 1 9 
4 3 5 1 1 11 7 6 2 12 1 9 
4 3 5 1 1 11 7 6 2 12 1 9 
10 3 5 1 1 11 7 6 2 12 1 9 
4 8 5 1 1 11 7 6 2 8 1 8 
10 3 5 1 1 11 7 6 2 12 1 9 
4 3 5 1 1 11 7 6 2 12 1 9 
10 3 5 1 1 11 7 6 2 12 1 8 
10 3 5 1 1 11 7 6 2 12 1 9 
4 3 1 1 1 11 7 6 2 12 1 8 
10 3 5 1 1 11 7 6 2 12 1 9 
4 3 5 1 1 11 7 6 2 8 1 9 
4 3 5 1 1 11 7 6 2 12 1 9 
10 3 5 1 1 11 7 6 2 12 1 9 
10 3 5 1 1 11 7 6 2 12 1 9 
4 3 5 1 1 11 7 6 2 12 1 9 
4 3 5 1 1 11 7 6 2 12 1 9 
4 3 5 1 1 11 7 6 2 12 1 9 
4 3 5 1 1 11 7 6 2 8 1 9 
10 3 5 1 1 11 7 6 2 12 1 9 
10 3 5 1 1 11 7 6 2 12 1 9 
10 3 5 1 1 11 7 6 2 12 1 9 
4 3 5 1 1 11 7 6 2 12 1 9 
4 3 5 1 1 11 7 6 2 12 1 9 
10 3 5 1 1 11 7 6 2 12 1 9 
4 3 5 1 1 11 7 6 2 12 1 9 
4 8 5 1 1 11 7 6 2 12 1 9 
4 3 5 1 1 11 7 6 2 12 1 9 
10 3 5 1 1 11 7 6 2 12 1 9 
10 8 5 1 1 11 7 6 2 12 1 9 
10 3 5 1 1 11 7 6 2 12 1 9 
10 3 5 1 1 11 7 6 2 12 1 9 
10 3 5 1 1 11 7 6 2 12 1 9 
4 3 5 1 1 11 7 6 2 12 1 9 
10 3 5 1 1 11 7 6 2 12 1 9 
4 3 5 1 1 11 7 6 2 12 1 9 
10 3 5 1 1 11 7 6 2 12 1 9 
4 3 8 1 1 11 7 6 2 12 1 9 
4 3 5 1 1 11 7 6 2 12 1 9 
4 3 5 1 1 11 7 6 2 12 1 9 
4 3 5 1 1 11 7 6 2 12 1 9 
4 3 8 1 1 11 7 6 2 12 1 9 
4 3 5 1 1 11 7 6 2 12 1 9 
4 3 5 1 1 11 7 6 2 12 1 9 
10 3 5 1 1 11 7 6 2 12 1 9 
4 3 5 1 1 11 7 6 2 12 1 9 
4 3 5 1 1 11 7 6 2 12 1 9 
4 3 5 1 1 11 7 6 2 12 1 9 
10 3 5 1 1 11 7 6 2 12 1 9 
10 3 5 1 1 11 7 6 2 12 1 9 
10 3 5 1 1 11 7 6 2 12 1 9 
4 3 5 1 1 11 7 6 2 12 1 9 
4 8 5 1 1 11 7 6 2 12 1 9 
10 3 5 1 1 11 7 6 2 12 1 9 
4 3 5 1 1 11 7 6 2 12 1 9 
10 3 5 1 1 11 7 6 2 12 1 9 
10 3 5 1 1 11 7 6 2 12 1 9 
10 3 5 1 1 11 7 6 2 12 1 9 
4 3 5 1 1 11 7 6 2 12 1 9 
10 3 5 1 1 11 7 6 2 12 1 9 
10 3 5 1 1 11 7 6 2 12 1 9 
10 3 5 1 1 11 7 6 2 12 1 9 
10 3 5 1 1 11 7 6 2 12 1 9 
4 3 5 1 1 11 7 6 2 8 1 9 
4 3 5 1 1 11 7 6 2 12 1 9 
10 3 5 1 1 11 7 6 2 12 1 9 
10 3 5 1 1 11 7 6 2 12 1 9 
10 3 5 1 1 11 7 6 2 12 1 9 
10 3 5 1 1 11 7 6 2 12 1 9 
4 3 5 1 1 11 7 6 2 12 1 9 
4 3 5 1 1 11 7 6 2 12 1 9 
10 3 5 1 1 11 7 6 2 12 1 9 
10 3 5 1 1 11 7 6 2 12 1 9 
4 3 5 1 1 11 7 6 2 12 1 9 
4 3 5 1 1 11 7 6 2 12 1 9 
10 3 5 1 1 11 7 6 2 8 1 9 
4 3 5 1 1 11 7 6 2 12 1 9 
4 3 1 1 1 11 7 6 2 12 1 9 
10 8 5 1 1 11 7 6 2 12 1 9 
10 3 5 1 1 11 7 6 2 12 1 8 
10 3 5 1 1 11 7 6 2 12 1 9 
4 3 5 1 1 11 7 6 2 12 1 9 
4 3 5 1 1 11 7 6 2 12 1 9 
10 3 5 1 1 11 7 6 2 12 1 9 
4 3 5 1 1 11 7 6 2 12 1 9 
10 3 5 1 1 11 7 6 2 12 1 9 
4 3 5 1 1 11 7 6 2 12 1 9 
4 3 5 1 1 11 7 6 2 12 1 9 
10 3 5 1 1 11 7 6 2 12 1 9 
10 3 5 1 1 11 7 6 2 12 1 9 
10 3 5 1 1 11 7 6 2 12 1 9 
10 3 5 1 1 11 7 6 2 12 1 9 
4 3 5 1 1 11 7 6 2 12 1 9 
4 3 5 1 1 11 7 6 2 12 1 9 
10 3 5 1 1 11 7 6 2 12 1 9 
10 3 5 1 1 11 7 6 2 12 1 9 
4 3 5 1 1 11 7 6 2 12 1 9 
10 8 5 1 1 11 7 6 2 12 1 9 
10 3 5 1 1 11 7 6 2 12 1 9 
4 3 5 1 1 11 7 6 2 12 1 8 
10 3 1 1 1 11 7 6 2 12 1 9 
4 3 5 1 1 11 7 6 2 12 1 9 
4 3 5 1 1 11 7 6 2 12 1 9 
4 3 5 1 1 11 7 6 2 12 1 9 
10 3 5 1 1 11 7 6 2 12 1 9 
4 3 5 1 1 11 7 6 2 12 1 9 
10 3 5 1 1 11 7 6 2 12 1 9 
4 3 5 1 1 11 7 6 2 12 1 9 
10 3 5 1 1 11 7 6 2 12 1 9 
10 3 5 1 1 11 7 6 2 12 1 9 
4 3 5 1 1 11 7 6 2 12 1 9 
4 3 5 1 1 11 7 6 2 12 1 9 
10 3 5 1 1 11 7 6 2 12 1 9 
4 3 5 1 1 11 7 6 2 12 1 9 
10 3 5 1 1 11 7 6 2 12 1 9 
10 3 5 1 1 11 7 6 2 12 1 9 
10 3 5 1 1 11 7 6 2 12 1 9 
4 3 5 1 1 11 7 6 2 12 1 9 
10 3 5 1 1 11 7 6 2 12 1 9 
4 3 5 1 1 11 7 6 2 12 1 9 
10 3 5 1 1 11 7 6 2 12 1 9 
10 3 5 1 1 11 7 6 2 12 1 9 
10 3 5 1 1 11 7 6 2 12 1 9 
10 3 5 1 1 11 7 6 2 12 1 9 
4 3 5 1 1 11 7 6 2 12 1 9 
10 3 5 1 1 11 7 6 2 12 1 9 
10 3 5 1 1 11 7 6 2 12 1 9 
4 3 5 1 1 11 7 6 2 12 1 9 
10 3 5 1 1 11 7 6 2 12 1 9 
10 3 5 1 1 11 7 6 2 12 1 9 
10 3 5 1 1 11 7 6 2 12 1 9 
10 3 5 1 1 11 7 6 2 12 1 9 
10 3 5 1 1 11 7 6 2 12 1 9 
10 3 5 1 1 11 7 6 2 12 1 9 
4 3 5 1 1 11 7 6 2 12 1 9 
4 3 5 1 1 11 7 6 2 12 1 9 
10 3 5 1 1 11 7 6 2 12 1 9 
10 3 5 1 1 11 7 6 2 12 1 9 
4 3 5 1 1 11 7 6 2 12 1 9 
10 3 5 1 1 11 7 6 2 12 1 9 
10 3 5 1 1 11 7 6 2 12 1 9 
10 3 5 1 1 11 7 6 2 12 1 9 
4 3 5 1 1 11 7 6 2 12 1 9 
4 3 5 1 1 11 7 6 2 12 1 9 
4 3 5 1 1 11 7 6 2 12 1 9 
4 3 5 1 1 11 7 6 2 12 1 9 
10 3 5 1 1 11 7 6 2 12 1 9 
10 3 5 1 1 11 7 6 8 12 1 9 
10 3 5 1 1 11 7 6 2 12 1 9 
10 3 5 1 1 11 7 6 2 12 1 9 
4 3 5 1 1 11 7 6 2 12 1 9 
4 3 5 1 1 11 7 6 2 12 1 9 
4 3 5 1 1 11 7 6 2 12 1 9 
4 3 5 1 1 11 7 6 2 8 1 9 
10 3 5 1 1 11 7 6 2 12 1 9 
4 3 5 1 1 11 7 6 2 12 1 9 
10 3 5 1 1 11 7 6 2 12 1 9 
4 3 5 1 1 11 7 6 2 12 1 9 
10 3 5 1 1 11 7 6 2 12 1 9 
10 3 5 1 1 11 7 6 2 12 1 9 
4 3 5 1 1 11 7 6 2 12 1 9 
10 3 5 1 1 11 7 6 2 12 1 9 
4 3 5 1 1 11 7 6 2 12 1 9 
4 3 5 1 1 11 7 6 2 12 1 9 
10 3 5 1 1 11 7 6 2 12 1 9 
4 3 5 1 1 11 7 6 2 12 1 9 
4 3 5 1 1 11 7 6 2 12 1 9 
4 3 5 1 1 11 7 6 2 12 1 9 
10 3 5 1 1 11 7 6 2 12 1 9 
10 3 1 1 1 11 7 6 2 12 1 9 
10 3 5 1 1 11 7 6 2 12 1 9 
10 3 5 1 1 11 7 6 2 12 1 9 
4 3 5 1 1 11 7 6 2 8 1 8 
4 3 5 1 1 11 7 6 2 12 1 9 
4 3 5 1 1 11 7 6 2 12 1 9 
4 3 5 1 1 11 7 6 2 12 1 9 
10 3 5 1 1 11 7 6 2 12 1 9 
4 3 5 1 1 11 7 6 2 12 1 9 
10 3 5 1 1 11 7 6 2 12 1 9 
4 3 5 1 1 11 7 6 2 12 1 9 
10 3 5 1 1 11 7 6 2 12 1 9 
4 3 5 1 1 11 7 6 2 8 1 9 
4 3 5 1 1 11 7 6 2 12 1 9 
4 3 5 1 1 11 7 6 2 12 1 9 
4 3 5 1 1 11 7 6 2 12 1 9 
4 3 5 1 1 11 7 6 2 12 1 9 
10 3 5 1 1 11 7 6 2 12 1 9 
4 3 5 1 1 11 7 6 2 12 1 9 
4 3 5 1 1 11 7 6 2 12 1 8 
10 3 5 1 1 11 7 6 2 12 1 9 
4 3 5 1 1 11 7 6 2 12 1 9 
10 3 1 1 1 11 7 6 2 12 1 9 
10 3 5 1 1 11 7 6 2 12 1 9 
10 3 5 1 1 11 7 6 2 12 1 9 
4 3 5 1 1 11 7 6 2 12 1 9 
10 3 5 1 1 11 7 6 2 12 1 9 
10 3 5 1 1 11 7 6 2 12 1 9 
10 3 5 1 1 11 7 6 2 12 1 9 
10 3 5 1 1 11 7 6 2 12 1 9 
10 3 5 1 1 11 7 6 2 12 1 9 
4 3 5 1 1 11 7 6 2 12 1 9 
4 3 5 1 1 11 7 6 2 12 1 9 
10 3 5 1 1 11 7 6 2 12 1 9 
4 3 5 1 1 11 7 6 2 12 1 9 
4 3 5 1 1 11 7 6 2 8 1 9 
4 3 5 1 1 11 7 6 2 12 1 9 
4 3 5 1 1 11 7 6 2 12 1 9 
10 3 5 1 1 11 7 6 2 12 1 9 
4 3 5 1 1 11 7 6 2 12 1 9 
10 3 5 1 1 11 7 6 2 12 1 9 
10 3 5 1 1 11 7 6 2 12 1 8 
10 3 5 1 1 11 7 6 2 12 1 9 
4 3 5 1 1 11 7 6 2 12 1 9 
10 3 5 1 1 11 7 6 2 12 1 9 
10 3 5 1 1 11 7 6 2 12 1 9 
4 3 5 1 1 11 7 6 2 12 1 9 
10 3 5 1 1 11 7 6 2 12 1 9 
4 3 5 1 1 11 7 6 2 12 1 9 
4 8 5 1 1 11 7 6 2 8 1 9 
4 3 5 1 1 11 7 6 2 12 1 9 
4 3 5 1 1 11 7 6 2 12 1 9 
4 3 5 1 1 11 7 6 2 8 1 9 
10 3 5 1 1 11 7 6 2 12 1 9 
10 3 5 1 1 11 7 6 2 12 1 9 
4 3 5 1 1 11 7 6 2 8 1 9 
10 3 5 1 1 11 7 6 2 12 1 8 
4 3 5 1 1 11 7 6 2 12 1 9 
10 3 5 1 1 11 7 6 2 12 1 9 
4 3 5 1 1 11 7 6 2 12 1 9 
10 3 5 1 1 11 7 6 2 12 1 9 
10 3 5 1 1 11 7 6 2 12 1 9 
4 3 5 1 1 11 7 6 2 12 1 9 
10 3 5 1 1 11 7 6 2 12 1 9 
10 3 5 1 1 11 7 6 2 12 1 9 
10 3 1 1 1 11 7 6 2 12 1 9 
10 3 5 1 1 11 7 6 2 12 1 9 
10 3 1 1 1 11 7 6 2 12 1 9 
4 3 5 1 1 11 7 6 2 12 1 9 
4 3 5 1 1 11 7 6 2 12 1 8 
4 3 5 1 1 11 7 6 2 8 1 9 
10 3 5 1 1 11 7 6 2 12 1 9 
4 3 5 1 1 11 7 6 2 12 1 9 
10 3 5 1 1 11 7 6 2 12 1 9 
10 3 5 1 1 11 7 6 2 12 1 9 
4 3 5 1 1 11 7 6 2 12 1 9 
4 3 5 1 1 11 7 6 2 12 1 9 
4 3 5 1 1 11 7 6 2 12 1 9 
4 3 5 1 1 11 7 6 2 12 1 9 
10 3 5 1 1 11 7 6 2 12 1 9 
4 3 5 1 1 11 7 6 2 12 1 9 
4 3 5 1 1 11 7 6 2 12 1 9 
10 3 5 1 1 11 7 6 2 12 1 9 
4 3 5 1 1 11 7 6 2 12 1 9 
10 3 5 1 1 11 7 6 2 12 1 9 
4 3 5 1 1 11 7 6 2 12 1 9 
4 3 5 1 1 11 7 6 2 12 1 9 
4 3 5 1 1 11 7 6 2 12 1 9 
10 3 5 1 1 11 7 6 2 12 1 9 
10 3 5 1 1 11 7 6 2 12 1 9 
4 3 5 1 1 11 7 6 2 12 1 9 
4 3 5 1 1 11 7 6 2 12 1 9 
4 3 5 1 1 11 7 6 2 12 1 9 
4 3 5 1 1 11 7 6 2 12 1 9 
4 3 5 1 1 11 7 6 2 12 1 9 
4 3 5 1 1 11 7 6 2 12 1 9 
4 3 5 1 1 11 7 6 2 12 1 9 
10 3 1 1 1 11 7 6 2 12 1 9 
10 3 5 1 1 11 7 6 2 12 1 9 
10 3 5 1 1 11 7 6 2 12 1 9 
10 3 1 1 1 11 7 6 2 12 1 9 
4 3 5 1 1 11 7 6 2 12 1 9 
